image: another.pgm
resolution: 0.050000
origin: [-72.400000, -107.600000, 0.000000]
negate: 0
occupied_thresh: 0.65
free_thresh: 0.196

